75 1333 433 198 938 195 741 522 817 1216 746 959 261 775 334 1391 764 
1100 283 110 961 126 682 442 656 1171 757 907 166 677 298 1109 629 
866 934 212 1067 500 447 404 105 339 292 932 357 748 183 678 
115 598 169 367 152 246 746 329 468 73 378 23 917 426 
830 36 626 305 397 893 425 625 39 536 107 1056 554 
749 407 283 182 98 109 78 558 151 600 214 339 
461 310 416 989 499 548 65 494 146 984 566 
93 68 560 124 238 389 131 290 609 26 
35 360 90 196 213 73 182 501 97 
403 25 104 295 20 257 450 102 
249 188 762 330 730 100 654 
60 413 17 379 366 164 
506 81 438 284 293 
334 58 973 407 
385 426 162 
1016 304 
730 